1 0.21634615384615385 0.14903846153846154 0.1346153846153846 0.20432692307692307
1 0.36658653846153844 0.6286057692307693 0.10216346153846154 0.16706730769230768
1 0.4855769230769231 0.6550480769230769 0.16105769230769232 0.5649038461538461
1 0.6189903846153846 0.18269230769230768 0.2439903846153846 0.31490384615384615
1 0.34615384615384615 0.19831730769230768 0.234375 0.328125
1 0.8269230769230769 0.39302884615384615 0.15625 0.4411057692307692
1 0.7115384615384616 0.8425480769230769 0.2932692307692308 0.31490384615384615
1 0.9170673076923077 0.0673076923076923 0.1658653846153846 0.1346153846153846
1 0.6009615384615384 0.6021634615384616 0.07932692307692307 0.2091346153846154
1 0.9290865384615384 0.38461538461538464 0.12139423076923077 0.25600961538461536
1 0.19831730769230768 0.46033653846153844 0.09014423076923077 0.2536057692307692