1 0.04807692307692308 0.24158653846153846 0.09615384615384616 0.24278846153846154
1 0.41586538461538464 0.3016826923076923 0.3954326923076923 0.3545673076923077
1 0.15745192307692307 0.47716346153846156 0.30288461538461536 0.2704326923076923
1 0.15264423076923078 0.22716346153846154 0.21394230769230768 0.22115384615384615
1 0.671875 0.45072115384615385 0.3125 0.28846153846153844
1 0.7043269230769231 0.8485576923076923 0.2692307692307692 0.265625
1 0.31971153846153844 0.5817307692307693 0.4326923076923077 0.18990384615384615
1 0.4699519230769231 0.6766826923076923 0.39663461538461536 0.2860576923076923
1 0.8545673076923077 0.25600961538461536 0.27524038461538464 0.2644230769230769
1 0.9338942307692307 0.4182692307692308 0.1310096153846154 0.20192307692307693
1 0.078125 0.7007211538461539 0.15625 0.125