1 0.14423076923076922 0.1971153846153846 0.28846153846153844 0.19230769230769232
1 0.17668269230769232 0.5384615384615384 0.1778846153846154 0.22596153846153846
1 0.42788461538461536 0.5060096153846154 0.3125 0.27403846153846156
1 0.4639423076923077 0.26802884615384615 0.29086538461538464 0.21394230769230768
1 0.20793269230769232 0.7992788461538461 0.36778846153846156 0.2692307692307692
1 0.6370192307692307 0.796875 0.3605769230769231 0.23798076923076922
1 0.8737980769230769 0.6790865384615384 0.25240384615384615 0.37740384615384615
1 0.7379807692307693 0.3954326923076923 0.3894230769230769 0.24278846153846154
1 0.13221153846153846 0.421875 0.2283653846153846 0.17908653846153846
1 0.5877403846153846 0.07211538461538461 0.18990384615384615 0.09615384615384616
1 0.0889423076923077 0.9663461538461539 0.17668269230769232 0.0673076923076923