1 0.21394230769230768 0.5552884615384616 0.24759615384615385 0.2704326923076923
1 0.5168269230769231 0.40865384615384615 0.3389423076923077 0.17067307692307693
1 0.49278846153846156 0.75 0.38461538461538464 0.3581730769230769
1 0.7608173076923077 0.9182692307692307 0.2091346153846154 0.1466346153846154
1 0.7932692307692307 0.12620192307692307 0.41225961538461536 0.25240384615384615
1 0.9254807692307693 0.5540865384615384 0.14903846153846154 0.2091346153846154
1 0.8605769230769231 0.7752403846153846 0.2776442307692308 0.234375
1 0.44350961538461536 0.15264423076923078 0.27524038461538464 0.14903846153846154
1 0.5552884615384616 0.328125 0.3016826923076923 0.17067307692307693
1 0.11658653846153846 0.3894230769230769 0.23317307692307693 0.3076923076923077
1 0.8870192307692307 0.9278846153846154 0.22596153846153846 0.14423076923076922