1 0.21875 0.8425480769230769 0.2668269230769231 0.25721153846153844
1 0.08653846153846154 0.1935096153846154 0.17307692307692307 0.19591346153846154
1 0.6201923076923077 0.28725961538461536 0.2668269230769231 0.5168269230769231
1 0.45552884615384615 0.7632211538461539 0.3173076923076923 0.34375
1 0.7716346153846154 0.6983173076923077 0.3076923076923077 0.36538461538461536
1 0.9627403846153846 0.7367788461538461 0.07451923076923077 0.14903846153846154
1 0.8137019230769231 0.8846153846153846 0.19951923076923078 0.23076923076923078
1 0.030048076923076924 0.38461538461538464 0.051682692307692304 0.11057692307692307
1 0.42788461538461536 0.9230769230769231 0.18629807692307693 0.14423076923076922
1 0.42427884615384615 0.5600961538461539 0.09615384615384616 0.1141826923076923
1 0.796875 0.5132211538461539 0.16105769230769232 0.08774038461538461