1 0.13701923076923078 0.09615384615384616 0.27403846153846156 0.15504807692307693
1 0.20192307692307693 0.29927884615384615 0.2980769230769231 0.30288461538461536
1 0.3004807692307692 0.46153846153846156 0.28365384615384615 0.20192307692307693
1 0.4423076923076923 0.7283653846153846 0.4074519230769231 0.3016826923076923
1 0.9014423076923077 0.7716346153846154 0.19591346153846154 0.23798076923076922
1 0.703125 0.9387019230769231 0.29447115384615385 0.11899038461538461
1 0.6682692307692307 0.4891826923076923 0.47475961538461536 0.3245192307692308
1 0.6370192307692307 0.09254807692307693 0.29447115384615385 0.18509615384615385
1 0.44591346153846156 0.08173076923076923 0.34375 0.16346153846153846
1 0.8389423076923077 0.8774038461538461 0.21875 0.16346153846153846
1 0.8786057692307693 0.32211538461538464 0.24278846153846154 0.21153846153846154