1 0.15384615384615385 0.109375 0.25721153846153844 0.20673076923076922
1 0.11177884615384616 0.6670673076923077 0.21394230769230768 0.14783653846153846
1 0.47475961538461536 0.3786057692307692 0.22596153846153846 0.3557692307692308
1 0.7860576923076923 0.3233173076923077 0.34615384615384615 0.296875
1 0.6490384615384616 0.703125 0.27403846153846156 0.44591346153846156
1 0.2980769230769231 0.3173076923076923 0.12379807692307693 0.3389423076923077
1 0.9326923076923077 0.14182692307692307 0.1346153846153846 0.28365384615384615
1 0.051682692307692304 0.9182692307692307 0.10336538461538461 0.16346153846153846
1 0.20673076923076922 0.7896634615384616 0.11778846153846154 0.0985576923076923
1 0.18870192307692307 0.6322115384615384 0.1466346153846154 0.07211538461538461
1 0.07091346153846154 0.29447115384615385 0.14182692307692307 0.2860576923076923
1 0.3581730769230769 0.0673076923076923 0.1814903846153846 0.13341346153846154
1 0.19831730769230768 0.2932692307692308 0.07451923076923077 0.08052884615384616