1 0.12379807692307693 0.5877403846153846 0.12980769230769232 0.2980769230769231
1 0.10096153846153846 0.27163461538461536 0.10336538461538461 0.18028846153846154
1 0.5504807692307693 0.3173076923076923 0.11778846153846154 0.21394230769230768
1 0.7055288461538461 0.5180288461538461 0.2860576923076923 0.2668269230769231
1 0.7716346153846154 0.8689903846153846 0.21634615384615385 0.25240384615384615
1 0.8088942307692307 0.14182692307692307 0.12620192307692307 0.15504807692307693
1 0.8822115384615384 0.39663461538461536 0.13581730769230768 0.28846153846153844
1 0.3713942307692308 0.06009615384615385 0.17307692307692307 0.11778846153846154
1 0.9483173076923077 0.21514423076923078 0.10336538461538461 0.15625
1 0.45913461538461536 0.5985576923076923 0.1466346153846154 0.38461538461538464
1 0.34134615384615385 0.8521634615384616 0.16346153846153846 0.2956730769230769