6 0.484375 0.8762019230769231 0.30288461538461536 0.2283653846153846
6 0.38461538461538464 0.6670673076923077 0.2668269230769231 0.34375
6 0.18389423076923078 0.7896634615384616 0.24519230769230768 0.27884615384615385
6 0.4639423076923077 0.3786057692307692 0.27163461538461536 0.30528846153846156
6 0.19471153846153846 0.45913461538461536 0.2692307692307692 0.3125
6 0.875 0.5120192307692307 0.24519230769230768 0.34375
6 0.8317307692307693 0.859375 0.23557692307692307 0.25961538461538464
6 0.6802884615384616 0.6550480769230769 0.34615384615384615 0.2860576923076923
6 0.8473557692307693 0.19110576923076922 0.2956730769230769 0.27163461538461536
6 0.6814903846153846 0.32211538461538464 0.25 0.34615384615384615
6 0.5480769230769231 0.12860576923076922 0.31009615384615385 0.2548076923076923
6 0.15504807692307693 0.2403846153846154 0.3004807692307692 0.24519230769230768