6 0.06610576923076923 0.4098557692307692 0.13221153846153846 0.2644230769230769
6 0.1814903846153846 0.6538461538461539 0.3629807692307692 0.41346153846153844
6 0.34375 0.3473557692307692 0.4567307692307692 0.2980769230769231
6 0.5084134615384616 0.6358173076923077 0.27403846153846156 0.19951923076923078
6 0.8076923076923077 0.7908653846153846 0.3798076923076923 0.3557692307692308
6 0.8533653846153846 0.14903846153846154 0.28846153846153844 0.2980769230769231
6 0.6875 0.46153846153846156 0.27884615384615385 0.18509615384615385
6 0.8125 0.625 0.3701923076923077 0.17307692307692307
6 0.8329326923076923 0.41586538461538464 0.3293269230769231 0.27403846153846156
6 0.5805288461538461 0.23557692307692307 0.2692307692307692 0.33653846153846156
6 0.6658653846153846 0.057692307692307696 0.2980769230769231 0.11538461538461539