8 0.6754807692307693 0.8521634615384616 0.3293269230769231 0.29086538461538464
8 0.1658653846153846 0.21875 0.125 0.3942307692307692
8 0.390625 0.06370192307692307 0.3245192307692308 0.12740384615384615
8 0.9014423076923077 0.12139423076923077 0.19230769230769232 0.24278846153846154
8 0.046875 0.9471153846153846 0.09375 0.10096153846153846
8 0.6622596153846154 0.3269230769230769 0.3581730769230769 0.21153846153846154
8 0.5168269230769231 0.6081730769230769 0.23798076923076922 0.4014423076923077
8 0.3737980769230769 0.43028846153846156 0.2932692307692308 0.3605769230769231
8 0.38221153846153844 0.2439903846153846 0.13942307692307693 0.0673076923076923
8 0.4483173076923077 0.16706730769230768 0.057692307692307696 0.1466346153846154
8 0.2800480769230769 0.7043269230769231 0.18028846153846154 0.16346153846153846
8 0.9266826923076923 0.7463942307692307 0.06971153846153846 0.12259615384615384