8 0.10216346153846154 0.06009615384615385 0.19230769230769232 0.1201923076923077
8 0.36538461538461536 0.859375 0.21634615384615385 0.2764423076923077
8 0.671875 0.8834134615384616 0.18269230769230768 0.2283653846153846
8 0.8028846153846154 0.9362980769230769 0.16826923076923078 0.12259615384615384
8 0.5408653846153846 0.8233173076923077 0.1778846153846154 0.16105769230769232
8 0.3629807692307692 0.6129807692307693 0.14903846153846154 0.23317307692307693
8 0.3269230769230769 0.2848557692307692 0.125 0.21394230769230768
8 0.49759615384615385 0.5829326923076923 0.15144230769230768 0.18269230769230768
8 0.7620192307692307 0.49278846153846156 0.20432692307692307 0.22355769230769232
8 0.9242788461538461 0.38461538461538464 0.1466346153846154 0.21394230769230768
8 0.5456730769230769 0.49158653846153844 0.15865384615384615 0.15144230769230768