8 0.2536057692307692 0.22716346153846154 0.19951923076923078 0.14423076923076922
8 0.36899038461538464 0.33653846153846156 0.28846153846153844 0.2644230769230769
8 0.4639423076923077 0.5757211538461539 0.2403846153846154 0.34375
8 0.6887019230769231 0.4338942307692308 0.36538461538461536 0.20432692307692307
8 0.9495192307692307 0.8822115384615384 0.09615384615384616 0.23317307692307693
8 0.9230769230769231 0.5264423076923077 0.14903846153846154 0.1346153846153846
8 0.8112980769230769 0.3269230769230769 0.10096153846153846 0.0985576923076923
8 0.8978365384615384 0.203125 0.19951923076923078 0.17307692307692307
8 0.7608173076923077 0.1658653846153846 0.08413461538461539 0.2644230769230769
8 0.31490384615384615 0.7860576923076923 0.20432692307692307 0.37740384615384615
8 0.7487980769230769 0.9639423076923077 0.18269230769230768 0.0673076923076923
8 0.5420673076923077 0.18028846153846154 0.17067307692307693 0.21394230769230768
8 0.6838942307692307 0.2824519230769231 0.12980769230769232 0.17307692307692307
8 0.41225961538461536 0.8293269230769231 0.057692307692307696 0.16346153846153846
8 0.17668269230769232 0.9411057692307693 0.13221153846153846 0.08413461538461539